1024
7.507194e+26 -568661278786.788574 -564567031658.575195 -30918.937188 -33601.853325
5.712467e+26 -972136049311.978394 -933088669023.814209 25096.681758 33387.351750
8.818284e+26 1353306815036.852539 1449177749015.145508 49251.356828 35501.254810
8.543878e+26 -160267213831.160889 -476910237635.371582 19848.824431 -27513.685380
1.920577e+26 -1310358233493.147461 591202752178.136230 -31563.756256 -7996.017290
6.993298e+26 671965011912.238525 594047724095.889648 7243.466266 1457.281247
6.265648e+26 1055164070484.869141 -106864071761.341064 12528.201055 32919.997144
1.852778e+26 135366247019.525879 -596813151526.426758 44221.234244 -36567.740613
2.132456e+26 -784153458675.307739 1055294046314.197754 30456.467588 41550.986263
4.942546e+26 113084691607.897949 975506931563.869629 -24959.106631 -27384.120138
4.655070e+26 -448917391553.550537 1441101600185.894043 -17830.162732 20359.287054
1.098809e+25 -389519563879.914551 -1080850403194.859375 -7222.760936 12321.528569
5.376069e+26 -452691401959.655029 -197991342778.398193 -22603.126887 37943.144460
6.166076e+26 606646248780.904053 -439143340270.231567 -23334.811854 -21187.712170
9.691125e+26 1323530349324.225098 -434097137032.980347 6320.634856 -34204.640140
6.820750e+26 1067174911989.731934 -929000200451.380127 -15863.996543 -34581.096514
3.255615e+26 -49253198474.523438 -1131500278019.604248 41566.084380 20059.342491
8.891116e+26 66999180195.595947 -407411011533.482422 -28433.597597 -20542.583191
3.518322e+26 -1109851733231.773438 -1220524731210.259277 -21330.893768 43777.183823
6.327230e+26 1267428545010.169434 910242755480.552246 24504.431194 -39734.496487
2.732662e+26 781655265782.074219 233443022237.029785 -46070.789767 -9225.858697
2.554283e+26 -91880464239.249023 -495482340012.206543 -38405.259177 -25545.902840
3.933005e+26 -953848755878.082031 -544709372223.834351 -27506.920208 32958.125069
2.137656e+26 30510067461.097168 1220776636996.076660 -20750.534308 -14235.698480
8.088257e+26 840881154033.464844 -395993588974.881836 -23134.086888 -39827.470613
4.115056e+26 289034442975.503418 -798450021228.730103 -27902.984022 26710.280966
9.569043e+26 201414073434.001709 -1025813050949.453369 27180.633493 10650.305629
1.456902e+26 -844070186993.643677 -344378985566.415527 26431.312604 32755.361341
6.644998e+25 728535119245.440430 1158582780695.250488 23291.403876 653.490875
1.505171e+26 -232960759169.908447 -517847434820.994019 -36351.169491 -26721.750305
6.931531e+26 128204312127.842041 -190240331617.715820 46298.584174 -40258.836116
3.068508e+26 1232287585696.589355 -1337780393032.896240 -24302.382920 -15087.048615
8.269171e+26 -1299786694742.699219 878946250883.355469 -29178.504845 -5887.574829
9.435213e+25 -1015736691492.103027 795736506784.321289 -4107.510395 -6177.048171
2.991061e+26 -830555563702.086792 -286271000425.158936 46280.240243 -15924.097810
6.323183e+26 -136263011125.656494 1117187285368.599609 15742.650640 -11232.250764
5.124965e+26 -138411712217.755127 -282057074510.323486 -7941.579385 5945.535629
2.404615e+26 -78825637698.883545 1049737307769.058594 -37282.326045 -960.024034
4.557259e+26 55599362828.322510 1388521978720.465820 -20734.801308 49808.449711
5.393315e+26 -1385626228817.609131 792095933266.768555 1537.868030 -31182.530014
4.273345e+26 248178721812.680420 221539533171.843750 -24488.656214 -26229.942619
2.902786e+26 -406187870681.322754 630290799353.848877 -44619.845909 19696.021411
7.509391e+26 -909550389506.529053 -1149389010374.805420 -29185.822998 -38410.587854
6.607360e+26 1364866996831.691895 -1118549914065.116211 16755.492627 24719.881115
7.152104e+26 66966273900.678955 -1133367134102.475098 -8041.949085 -38386.236630
2.987055e+26 -403085855306.595703 672465631313.924805 49204.298527 49468.830538
4.066875e+26 829014323931.154785 517850190973.607910 43913.561895 18000.083098
5.460181e+26 -381430012876.289795 -1418073323524.944824 -46924.705774 30081.750169
9.132669e+26 -985387601188.419678 73925608745.830078 12602.927436 40127.694421
5.056896e+26 -770560143541.549805 682465478772.810059 -13128.375871 -23865.988162
3.487520e+26 230452364105.550293 -555697866775.333862 -21525.433370 -15922.060173
7.082069e+26 -1309377488475.553223 -1427077788138.000000 -30709.756614 29060.699877
5.963648e+26 1398629463468.180176 437832229406.152344 23244.692768 27577.726502
7.089699e+26 -371566508506.135254 -1218835784871.474121 -46899.634434 -15507.756340
9.133022e+26 -1297979361339.143066 664951746705.201904 28192.847651 32132.054524
1.233789e+26 -978587869823.481201 -890534503963.474243 35147.045642 41648.157157
2.038778e+25 1378645937897.986816 -1043653172552.990234 21198.047429 -14772.734662
1.363684e+26 -113081656692.648193 1336484422013.344238 16114.509064 38507.065732
9.566300e+25 -411307961317.162842 -916672153592.366211 43050.371084 -37014.655258
2.086682e+26 747178943929.032715 -378585609753.160156 -47439.545494 -18963.913012
8.204109e+26 -667173102379.378052 -1010703166259.474121 -47161.381779 32105.215595
9.595108e+26 -1131260669985.782959 249373504360.613281 -29009.476724 35797.023430
7.254701e+26 -848065798549.796631 389352213473.874268 7287.759693 -13204.465328
6.567242e+26 -424138040281.466675 1498106962776.132812 -24785.231117 24518.234327
8.322613e+26 -1357321601551.812012 361679242507.747314 32337.979838 46030.040799
9.564631e+26 150476062716.773926 -1052242020602.205566 23707.605934 24103.348075
6.438666e+26 -1032308924037.197510 39361994585.360352 -18348.420560 42955.941505
5.079253e+26 499904110989.126465 970717132234.877930 28528.821815 27899.223419
8.383750e+25 348884321879.252441 1163673378997.496582 -23498.606548 -22620.311987
2.830131e+26 1467165535911.290527 -438164036463.989136 -9850.114023 -10357.991649
6.909796e+26 457748209549.028809 314108599319.024902 10662.332135 -17482.762073
4.368373e+26 535164734594.175049 565635376054.068115 31611.384872 -34775.601071
7.692961e+26 -1152731363542.003418 -290814982828.345215 17629.400482 15828.446523
9.842752e+26 691647921591.774902 -144993405470.207764 -13217.225689 -2118.845536
7.887203e+26 733347531483.797363 -1355770548997.363525 10482.499545 20292.982753
2.552171e+25 327363993787.538330 -832989967529.139404 19208.424662 18722.425117
3.788488e+25 335461384802.758301 -204689732947.738037 -765.567928 -36668.336636
4.913239e+25 849679238082.917969 -256491074505.887207 -26884.074703 -47780.893468
7.234029e+26 -1022272668051.816284 -614204700714.120605 54.296284 12461.644952
1.584203e+26 -1435868417783.103760 -1365812875563.555420 14600.103316 6490.181558
8.594126e+26 -30486530495.595459 233507966316.639893 35866.589912 23673.891539
7.470968e+26 -1401768115058.234375 176673444584.087891 22175.689601 19326.041833
9.839704e+26 419736614558.194824 -532859006953.537964 -5827.431517 23630.422967
4.870431e+26 1206675063194.330566 -221633174715.049072 44650.575005 39919.763156
1.710365e+26 -1128683286055.346680 -1406880683579.710693 -43274.026440 -34852.918453
8.012923e+26 -1276286129590.510254 100617389996.662354 -24087.643274 -12676.609976
2.513101e+26 114795203769.519287 -1161855634024.580078 -5146.335980 -3797.038853
1.879138e+26 507633311403.408447 -1171513874806.968262 40181.247441 -37927.462851
6.804445e+26 -338040292715.143799 296624716846.925781 452.108511 -34251.984463
3.231588e+26 898827900576.354980 1234119885773.053223 -22591.510686 20594.173532
9.590771e+26 -912943811647.464355 -88789291825.403076 3267.707275 -7425.410953
2.774662e+25 -740880209933.345581 -200374120660.941162 -33004.522001 4109.346708
6.765463e+26 -655773971967.676270 23199522712.659424 10440.168718 -7017.954238
7.246886e+25 -402806476847.093262 -91743765812.416016 -46678.058535 -36337.351837
2.308559e+26 980321428444.144531 978768827203.838867 -46504.257685 29548.760022
4.950797e+26 -762798814194.747925 133738677798.800293 -8983.675920 -37139.922368
2.661027e+26 1054193778358.866699 100118144594.356934 -23980.568333 -6852.308920
6.168756e+26 769849781575.609375 896154746277.592285 -12192.734414 43027.738866
4.934515e+26 488747442401.921143 -1223104877359.033203 24622.099222 -13868.180524
7.881957e+26 -601009738318.748779 -985625347595.054199 14323.646477 -42474.307418
6.514482e+26 1310232653838.611816 -1281167756809.324707 -1342.323848 -48645.036819
2.531682e+26 64451454034.907959 1149801901561.776855 -35595.627368 19216.688897
3.976579e+26 -1020883664910.098145 653554760268.231445 -10865.177778 8172.801756
2.747238e+26 -319568401786.387207 -196149665588.397217 -969.124378 13349.809172
8.533222e+26 -1335697924328.324219 -733522237829.841675 -11379.373173 42338.869707
7.730079e+26 277938265139.587402 239413830457.508789 43568.931058 26569.954674
2.563380e+25 -833678777623.416382 132395769238.854248 -35100.580528 -25047.094604
7.546815e+26 -795919261660.313354 -1413535872571.117676 -26827.371120 -49418.393936
9.721452e+26 259488247327.449219 1278230220201.231934 -35187.766509 17623.301203
8.568763e+26 -503885461476.052124 -230498097798.260742 38778.365012 3224.266876
3.991190e+26 -924361932358.802856 742360364977.104980 -2663.574624 39962.249242
2.798153e+26 -420578929811.049072 1430158450925.262207 39537.021645 26602.616505
2.587427e+26 1249548704402.528809 1268263754307.938477 29943.578631 -9036.041017
1.991275e+26 -1196014447013.743896 -470336304096.244019 1551.537880 10889.934369
8.359410e+26 614762074485.537354 -1223390226023.214600 -16654.664378 25776.784499
2.015170e+25 375088063930.969727 -1220928022989.733398 -41140.457841 -32488.118288
6.483537e+26 249975087960.407471 97395877046.691162 47044.589657 -29227.825233
1.261336e+26 404744295862.097656 853829170261.896484 39794.724906 -40751.140853
3.776444e+26 1180535372179.088867 -856645032159.760742 23500.782442 23800.621725
7.033154e+25 1002024000825.917969 -973419415456.191895 28775.090119 20443.680011
9.939697e+26 -1021668564796.919800 -1361248779367.668457 43716.598378 -2662.073606
6.995138e+26 746279388157.137695 1046541609488.819336 -12448.170727 11058.298980
1.925348e+26 208800087322.482910 -298927268279.701904 -24159.060442 15174.124418
7.461300e+26 -314290935104.223389 263912940045.219482 -40118.948549 -34554.941722
5.466684e+26 -79579566927.591064 -461388696114.706299 35226.141219 32080.742444
7.730525e+26 -286919330932.186768 -823286778497.219604 -46369.056576 49031.467040
3.484137e+26 -1426150073404.882568 -321218608614.099609 -35628.096682 29301.756826
9.843438e+26 -416661890778.399292 -1457929981689.837158 3580.263641 -30532.630652
9.363149e+25 452255248257.583740 159361178433.029053 34181.330092 27103.805856
1.977355e+26 -1288641202975.144775 -1328714171326.064209 -48170.599812 -31412.635627
2.445888e+26 1460174090989.865234 822705437043.338867 37572.953097 11222.473079
4.736631e+26 737845493689.686035 -1096073091888.039917 -27011.906698 -43104.346719
7.331444e+26 6799939856.784912 -87063679016.795654 41662.633336 -17138.173603
8.624577e+26 1086940620660.232910 -122044707337.081299 45644.844822 -25194.296467
9.788501e+26 -1429086297802.693115 1067744070013.131836 -36254.500296 43070.641205
7.045650e+26 -465613175903.311401 1212575470663.418945 -18380.592888 9272.124019
3.172616e+26 -544124309951.359253 450856852117.782715 -8910.755342 -36345.817201
8.751521e+26 19900956949.355225 324185805350.802002 45009.253569 -2248.439942
5.163529e+26 -402551375130.045166 -320215274875.560547 43257.175185 -4626.180553
3.979883e+26 999863720577.401367 -943250092475.493652 21659.816850 -21101.205526
4.746845e+26 -445099770326.177368 1455046186989.594238 8630.211978 -462.344851
5.629377e+26 -470454340012.695679 805770521601.826172 -21528.615121 -3874.446816
4.505456e+26 1259846324509.603516 -1244078029000.685303 1977.611835 9021.311749
4.435181e+26 -790455422376.138916 -1422515331807.261719 -6018.121288 -39931.756937
1.406518e+26 105683592524.875488 -31830366002.392822 44646.889733 -49965.988371
3.584156e+26 -85483988312.897949 722397134312.109863 -25681.124172 -8765.648822
8.423671e+26 -463839647304.223267 -1399845262459.135010 -40905.425174 -48521.256640
6.845092e+26 68885368393.826172 1268429653732.912598 -46156.656790 16794.819499
6.489357e+26 -410585215483.718506 -522139539122.778687 17062.524931 -14247.106894
1.273622e+26 -547809120850.078857 -1332084207726.067383 39219.502737 -33556.380044
7.012444e+26 -64687389421.680176 -800177091198.806396 -27639.970606 -18056.411427
3.514763e+26 991877003772.335449 663195792765.928223 9317.614941 33166.455995
1.077250e+26 -1031159003425.022949 -873634653539.913330 -34617.462233 8716.066421
5.901654e+26 -787161405876.703735 984487224274.984375 8735.816231 -1686.423276
5.943056e+25 797947351627.287109 1187834991472.476074 -5193.035410 17624.245326
6.542844e+25 655452779860.964844 908976943252.500000 -39826.724880 5136.734397
1.096591e+26 -1428062227655.323975 838789141994.909180 -25932.205279 6494.125018
4.491314e+26 -583358065612.510254 -746812027892.884399 -20092.836449 44527.596860
5.117115e+26 569359938214.017334 498942799645.930908 886.209670 -31300.172703
4.011105e+26 -1024548542928.562256 593220469594.692871 45140.961722 -20773.368585
1.648187e+26 -119995659196.697266 155350423159.330078 47888.361924 26862.038686
7.611298e+26 1289381862829.451660 -1026302911939.199951 -44686.169557 20366.240687
6.045663e+26 -1074190240098.791992 465283054921.696289 2125.128787 -27156.988353
4.049683e+26 1346805282161.452148 -656504345455.369873 15771.528614 -1233.304366
8.741129e+26 1346123035458.731934 1061671598437.350586 -11983.523654 -30345.968591
1.302845e+24 -1034256686967.384521 -588301753294.368530 19141.377965 47783.829284
9.714779e+26 1050989702967.819824 -1263965777242.930176 -12071.978155 928.748514
9.719569e+26 -913941272433.142700 -1138613258985.895020 -26719.364128 -11755.767366
8.821496e+26 -463229829141.298584 348528359002.193115 14791.768979 21639.925883
8.725943e+25 690435695201.752930 998014389927.396484 1868.223886 -10508.345967
3.466668e+26 -79055801276.890381 -241024614331.404785 -46713.198663 -48470.298511
5.040825e+26 90034144079.691406 1371684203528.350586 24204.365511 -22217.343778
9.015092e+26 325547927394.129883 413313353598.186035 -33783.905731 3029.822292
6.942374e+26 1312126331616.344238 722941907948.248047 -18272.190801 -23496.832763
3.706773e+26 -1427575728864.459717 -180688151404.549072 -6143.011832 -48812.768854
5.082521e+25 -1092297093357.733398 600956590607.950195 -48997.960309 20896.914569
9.478153e+26 -323742313581.828369 134043043133.665283 2496.012821 42182.743721
1.991733e+26 1223369160849.168945 -211871867448.695557 -17668.498567 28059.668899
7.827800e+26 -510628579559.019775 1022085682092.169434 -13298.771850 -38660.194451
1.911258e+26 -760152375082.601196 924057432515.323242 -40002.255439 32221.949299
6.270275e+25 578015099108.896240 140197364467.006104 -28054.615049 39955.078456
1.209884e+26 -1328936777975.430176 -1481136910762.669678 42751.489335 -39408.401518
7.453095e+26 -1272795305681.920410 918760002819.824219 12229.366977 2182.816613
6.872955e+26 -32114393213.319092 -21704625212.575195 36667.159468 -8771.512990
2.464635e+26 -546265360403.913940 -327363595360.014648 -43983.662382 23702.782078
8.210927e+25 -262419491614.998535 279702787055.084229 29488.392917 -33296.078613
5.263852e+26 740206592550.803223 107141496425.646240 5517.506441 -6127.113162
7.395713e+26 -726843925650.322998 1497723951842.173828 10639.886741 -15506.278447
3.995113e+26 1168401153742.074707 -992932601968.113037 6279.873221 -32007.938827
9.036107e+26 -1251044473948.356934 -6429969578.668701 841.529436 -39.400748
4.938593e+26 603647361435.216797 -380416780739.253662 -27086.067120 -36858.269980
2.834046e+26 437273819369.307373 1154045448922.724609 29255.563243 -30751.763702
6.140863e+26 438197054071.706299 -788684606579.944458 34851.223314 7931.297263
1.862315e+26 1083859155078.220703 521917211981.083984 40900.183716 43871.577260
3.384539e+25 796133821205.160156 1088300551339.269043 43421.901543 -46773.897444
4.334310e+26 398903890080.042725 -782611291159.247314 -31335.321372 424.321744
6.361932e+26 -231984613963.355957 232335431779.640625 -28840.062282 46828.823816
2.429893e+26 1288307487240.730957 259481224382.564697 -36904.266340 -33451.941129
3.257254e+26 -296437082781.423340 14991078019.075928 -38099.998799 -36332.295090
2.529607e+26 -1214314656146.516602 -1279205955040.105713 38232.252010 7799.454880
8.784621e+26 -488181772922.404297 -274028716725.452637 -20264.131948 -43729.606326
9.124711e+26 1070099912382.660156 1132904994466.316406 -28841.403404 22418.658300
2.561732e+26 815126365107.677246 -1229476828499.650879 26560.722569 634.188922
6.241730e+26 126029316996.291016 366366156554.517578 22499.104038 -11016.402604
5.797521e+25 1395775144347.379395 596329969595.041504 654.195560 35155.134306
5.743267e+26 -173892283185.541016 140188865628.972412 18507.610357 -49674.642622
5.993340e+24 1168844805883.548340 109163156652.246582 15714.114723 28095.879168
6.830115e+26 889755567156.942383 -1188413005890.830566 20527.078872 13640.350206
3.485810e+26 -146979665672.990967 409840812470.541992 4125.497587 24810.234743
6.404601e+26 -767655490891.257446 -1265058544463.364990 -33963.737759 38937.087584
9.766139e+26 -1244185498058.111572 -1041925607258.680908 34741.137581 -16362.942173
2.163659e+26 -581169253509.642578 481134509470.379639 743.828957 -5295.349795
1.028038e+26 513402327233.926270 1287228145432.987793 -1790.733055 -44998.815294
1.359188e+26 -919603688448.200195 -459043477166.745850 19207.749816 -6033.958230
6.900090e+26 -243468364854.189453 307534880556.750732 -448.556739 -42692.802912
7.877817e+26 -81368937456.199463 -573825878877.022095 -25863.854232 -667.275599
8.220543e+25 -505582983261.027344 1462971417059.371094 30143.676186 -15203.450059
7.595110e+26 1453597141197.430664 674217056120.800293 -2828.827671 44938.778340
1.053600e+26 -326551265683.885010 342755530154.521484 46237.419269 -47050.692443
7.111446e+25 -920566507317.966431 746299994955.737305 -49479.316878 -11064.426314
6.711231e+25 -1236895908582.489258 780526748600.025391 41789.067858 -9341.857445
1.090396e+26 -319726161651.686035 -1377892356720.311279 16474.813354 -25796.892038
1.575647e+26 1203469801828.004395 967223800720.710449 45856.961197 -11259.099620
5.322147e+26 466433954436.292969 879501549034.738770 44055.565941 -29006.475806
7.911648e+26 -318627139841.052979 479843099105.656494 -29718.292022 30474.193344
5.374202e+26 -438672382183.524536 -972827675679.113525 -38765.584491 -30213.692344
8.706129e+26 1298032792092.462891 567834374303.707275 -31978.733830 -49892.786187
8.323142e+26 539389547319.432373 -747110535742.562012 25511.654570 22557.306269
2.115320e+26 -475685030679.294922 731523160167.592285 -28100.936485 22170.111091
6.925080e+26 -1187182503564.930420 1430395954529.507324 7982.493306 45744.249648
8.884952e+26 -587519374236.150024 1018556993554.816895 -16533.925762 48964.920578
2.450698e+26 -775286994106.328857 1446847195764.812012 45388.233595 -19884.095591
5.793455e+26 -75310395854.310059 -459217470695.112305 -28856.475370 -2485.228335
5.586034e+25 -1467200795220.045410 -1440472189690.602295 -45155.566895 -6817.057133
6.825245e+26 -1453928375098.441406 -1344280409322.597168 -48077.034897 49322.353071
6.307679e+26 736177747142.893555 -884490133943.053101 -37432.605587 10661.799276
5.566200e+26 297379295792.183594 117444745265.762207 22657.056494 28043.197131
3.952595e+26 693940918809.803955 -1181567153626.480469 43507.060000 -32910.855232
9.040155e+26 13650813653.242920 1296762964440.349609 -23817.111742 -40339.715016
4.365557e+26 154916949696.800049 255616791425.116211 -14512.039803 26705.015995
7.956671e+26 639826039141.153076 -1496289535217.967041 -18477.409525 -45127.281737
1.187287e+26 844885500648.676758 850684592270.578613 42828.818246 -21308.985605
1.722947e+26 1093187704319.685059 -676528509361.786743 19601.073435 -21675.092404
3.191722e+26 316708759170.948975 451800532031.191650 32951.641769 10790.410502
3.118179e+25 500994721449.930664 288452406806.996338 38481.018633 -29928.518506
6.434226e+26 1269744270688.554688 -1482914632173.224609 -38820.043245 34159.205555
9.793111e+26 -381947500004.512939 -1436360196112.937256 -4694.642989 -40865.257123
4.380142e+26 -58356845922.787109 -304590708905.488037 45742.703215 -27997.973325
7.089303e+26 132245866717.448975 -976286412352.397705 15827.868350 -37296.095519
2.559858e+26 574424746895.119385 1039367092310.182129 179.714558 41819.803080
4.429080e+26 962877509528.420898 780407236249.102051 -12186.210498 32473.356336
7.969071e+25 -443981632120.450073 559457857916.887207 25596.611948 15769.723915
1.220027e+26 1030146667430.521484 945669534446.900391 -2761.933313 -12321.443949
9.585092e+26 -38418119589.134766 -372827230514.323975 43960.241032 45458.353175
9.426591e+26 -1242279544271.292969 791738124862.499512 37690.482512 -21127.504635
1.101242e+26 -700410574025.866333 347565498711.746338 -39619.564627 35342.996132
1.713792e+26 -955090611291.510010 868058088984.409180 -840.922206 19285.461602
9.968136e+26 602464800273.927002 -1211236322016.552979 23111.247943 30794.606850
7.371321e+26 -995167078965.068115 998831966593.107422 -19859.608169 25266.640548
6.853614e+25 -108621821089.667969 -1209903704539.003174 -29409.750956 44003.368500
5.887384e+26 787908867643.439941 -222639459962.550049 -32714.016122 4947.478229
7.622764e+26 -1402180030412.535400 -911488191583.581177 41887.528110 -149.121683
4.738700e+26 1401474973640.838379 -1276439375540.939697 809.996465 -44866.508526
5.816606e+25 747335921494.499023 1326491544805.772949 -16998.540657 48902.213808
2.526970e+26 -853136277396.171021 -130702148731.025146 36896.445001 42501.205451
7.327591e+26 -348085376458.337646 488511771307.507568 48597.106985 -16274.482520
7.264960e+26 -1104371945668.907471 -541404372294.338867 5318.175282 -7036.547842
4.973060e+26 -1304617502768.697021 -63262887123.810791 -28029.677163 -6208.485618
3.419660e+26 183501767973.749756 -1432264921555.160889 8690.752504 30276.468785
4.932691e+26 -1384919235512.660645 863370097076.797852 7964.807375 -23839.180324
3.949792e+26 10413621634.265625 843436303809.482422 -43051.597899 35380.413514
3.444506e+26 -338349323063.111816 -1348307917731.915039 14904.477797 -12927.484991
2.043745e+26 884539563071.750000 653396570831.502197 3994.629896 -48687.421006
1.329521e+25 -677464606124.108887 -289694630163.480957 21569.618303 -1014.524020
1.372262e+25 -1119955116314.614746 -1399743555900.058105 668.150220 -18538.086938
4.941905e+26 -1269531110015.308594 -114718101951.506348 34648.540670 7229.717216
2.728124e+26 -760951009313.228149 544737680667.937256 32377.683463 -46567.001640
1.713040e+26 142431593511.352783 -637702320090.061157 -26472.803693 13368.622492
1.869629e+26 -81308902791.020752 -214142034819.070801 38969.824800 17600.757436
3.851439e+25 -1271404814579.962891 -928742927790.851318 43736.153396 34301.234433
3.480242e+26 -872221621899.754150 -837162475501.445923 16145.581430 -20124.861389
8.499577e+26 1326405224116.553711 -91000674176.697510 -4567.689106 -5135.821831
1.578326e+26 954083406966.514160 -1091546174847.109253 31843.746071 42216.918340
3.321165e+26 -187581332812.486328 -628158698952.298218 -13566.941351 -39905.824324
4.792370e+26 -312442226559.751709 -997826979768.783081 31833.034432 30404.162044
8.504816e+26 329359881349.774902 864805657739.684082 -23847.572246 -8743.037027
7.134997e+26 69196679040.575928 446874465251.466553 4979.476694 2476.233082
2.316479e+25 1219731822534.557129 237098779498.247803 -17133.897060 37673.449057
3.858076e+26 -757527601490.707520 -1285672101339.718018 -18714.192504 37451.959795
6.926830e+26 1347431484573.640137 -82257610158.191162 -35311.992098 43089.715305
1.394419e+26 -809526768338.716675 -903501659588.762817 -25483.347503 40229.064340
3.645690e+26 337943524033.773926 571481777671.322266 -45232.888146 34209.352804
6.965740e+26 558376284405.588135 453327544815.464844 14264.815967 -48224.395038
7.418678e+26 -1195128552244.967285 -634662590650.378052 25811.334165 -13905.550722
6.846434e+26 -135902555553.600098 196286356928.040283 -22437.305558 -1365.142122
9.035015e+26 46831209321.236816 -797887384371.071899 10962.143743 -20881.999854
6.372086e+26 559597418686.854004 -198118674499.676514 23538.383163 -8368.632472
1.202580e+26 -1035965779447.500122 -1346560552417.475342 -43929.876142 9697.515460
5.230665e+26 1037414763574.938965 877219036066.456543 3460.535081 26619.083381
4.718819e+26 776474205356.261719 665188432734.010254 39094.880339 -40606.380172
5.070895e+26 -1096261506155.355957 1002615132099.976074 -39572.267001 29779.237495
6.804426e+26 545999048095.670898 1229399670671.773926 6106.288620 -42846.189115
7.122154e+26 -1469243050468.220459 -338457709077.812256 -42324.144778 41558.865116
8.315249e+26 1099867670023.336426 1151883450140.424805 9572.963942 48281.952628
8.924505e+26 428247996314.992920 -1229862638246.969482 -18604.435685 9749.013969
4.171447e+25 894161971376.508789 484353599102.883057 11641.155196 -27389.666584
1.066504e+26 -1110288118401.310303 755924079484.534180 -41259.787766 -27127.214420
6.126351e+26 1008503889626.884766 -843848700623.341064 -36178.789646 -24357.480911
2.605055e+26 780496789799.072754 501662767253.435791 45557.219130 16802.703285
4.194241e+26 302864875439.209961 109086576305.687256 -39388.870317 -11764.409889
8.850067e+25 1099145694748.709473 -278260022947.211426 19688.981355 44161.429856
4.917885e+26 -80454759064.293701 898237813905.993164 -45142.795338 30855.332404
2.209168e+26 -36876220953.437500 1377819979934.239258 10412.062695 -4163.638348
3.818209e+25 22804466516.576660 910194352352.113770 -26779.981435 -48564.423049
1.964223e+25 -811157517204.156738 -831171083594.114258 -25142.690802 -39071.174387
9.381062e+26 1484932612793.934082 978690529975.541992 41195.381963 31083.504243
6.541222e+26 33772434548.207031 967512865083.918945 -2692.009237 -5867.819697
3.831231e+26 1065131085485.827637 256871814205.590332 28824.657647 39861.273751
5.749881e+26 626202002255.841553 -961843861847.372070 -5388.660876 -34518.564958
3.208176e+26 550575682553.832031 -649700226508.454102 -15780.183049 16111.893672
2.973695e+26 -938840329209.921143 910369208107.455078 6685.832508 -35476.491653
8.224089e+26 -34703215468.408691 752011977429.655762 1258.797226 42973.381163
8.068242e+25 -597917748572.667358 -572700986355.918091 42111.208818 -47514.459039
4.202293e+25 612257917898.645264 947410251670.726562 41611.643131 -28365.600268
2.861025e+26 284029618519.931396 -630298020393.018555 31534.343957 39820.968969
4.230972e+26 1247948126015.041992 971289643751.375488 -41209.234738 34524.394817
7.609814e+25 110496340033.229248 -148311484777.352539 -6454.943356 -21686.974023
4.576716e+26 777348697934.219727 -62302862815.638916 -20124.460692 -35666.950253
4.863627e+26 812272557110.284180 448103859483.125488 -20704.452375 46696.563557
5.859767e+26 -435736321351.356201 -1126023318084.733643 -5480.894624 18927.567058
4.457472e+26 -572088208478.930664 444048856645.393066 -3796.000181 -2943.893155
2.005356e+26 1218949124459.639160 150394742427.989014 -40221.542875 15055.892719
2.855308e+26 -1115704628282.732910 601868268104.027832 10737.005182 -16929.713117
5.906702e+26 -609159212598.620483 -672644231662.601074 5439.822882 -14342.766659
4.849214e+26 -1111289895617.430908 -1296176546976.263428 -30837.039075 -41285.939747
9.925910e+26 93794290600.656006 -1311959955038.743652 25306.552715 -3848.281568
5.618316e+26 -448211638410.993164 1242358386646.884277 24390.381686 7258.911244
8.067786e+26 -1071873238759.980225 1248739637615.457520 28029.331105 24526.163102
7.702117e+26 -685782929321.220825 -461642180513.167725 -13823.628988 -34672.484090
9.490429e+26 -968462912015.574951 10033671281.026367 48767.232688 34138.307447
3.026806e+26 1058545802956.741211 -680044182739.424072 -42342.421260 -31534.985351
8.609090e+26 -53583255705.592529 -907156642131.945435 29061.589222 -37978.726067
8.277027e+26 1165598896093.176758 1355671768672.441406 -16311.954191 -15729.617504
3.421595e+26 -924710218754.188599 -1433969993362.652344 30732.707315 6815.768731
5.406877e+26 -252632562132.485596 70497413187.453369 -28701.703637 -32704.786111
7.753427e+26 -1125671932963.014160 267424446704.724365 -26024.755560 21773.037196
8.409312e+26 1004683674671.545410 -1038616436458.890381 132.087837 17905.011213
7.320952e+26 976071068482.306641 -585010157318.489868 -17538.842945 -17414.843825
9.909753e+26 -423961135581.708618 -266693359676.190186 -27699.724288 42043.335372
7.764840e+26 1314842570063.639648 620628509723.853760 10591.743595 -48322.438165
3.804638e+26 1052576889826.759766 -1038128368716.374512 -37267.207344 -14785.705685
5.729907e+26 706936779008.617188 303302287090.748291 29670.569113 23344.361317
9.592660e+26 1028243115822.038086 -1037251623005.325439 -2475.489907 22137.940712
9.893190e+26 1264597293068.978027 -1106400362022.782715 -47735.736563 34726.015976
8.817967e+26 -1383790138547.895020 149894067327.375977 13902.406795 28183.516312
5.301271e+26 260944359027.631104 1161120356053.736816 -9404.625295 18768.841463
7.795904e+26 -1404502031714.979492 -1405578260003.072021 -38080.275058 28834.751763
1.164428e+26 -1031507560437.849731 -235967258995.704590 12348.460980 6686.112319
9.539088e+26 -1360559001288.086182 709880457649.427734 -25156.985978 -32653.276005
4.994410e+26 -890195859512.006104 829078679164.783691 46911.346686 6671.020498
6.257250e+26 6749405973.359375 1054501580097.036621 29192.689564 -25451.319425
7.559031e+26 -228299122280.998291 -124797657074.927002 -26993.873199 48342.755947
9.145442e+26 1102500181274.440430 505249354602.715332 48716.226138 13434.106074
9.951072e+26 -45638687184.738037 729618581033.067383 43275.362862 -23555.552235
8.137798e+26 -430758054845.387817 -1409478730857.887207 35190.572233 10052.413161
6.163887e+26 1246121478684.864746 -494719423170.024170 -46668.548050 20097.949056
4.795672e+26 -1296574273933.801758 939227947953.135742 33909.489762 1233.183227
2.612113e+26 1059951655965.587891 9112025317.696045 -26417.464094 -32559.515849
2.794206e+26 1276133103810.400391 1198508866625.249023 -29543.579666 30362.535388
7.138497e+26 799589874464.682129 284616494869.615234 -20302.740401 40647.095875
3.792118e+26 1104947584896.767578 778973016599.855957 14822.958200 38338.742005
6.762031e+26 -1300363894284.574219 127769035422.649658 49849.369476 19632.556001
6.327937e+26 -222527822300.850586 -855814646744.876587 33715.005008 -34165.950116
8.467425e+26 -1383389391983.337891 -1481123323125.404053 35457.218594 -27270.184233
1.683166e+26 1419030914605.749023 1356201392362.400879 32604.106112 32641.616301
2.262782e+26 -503595327421.917358 171487823447.184326 27766.291727 44146.639817
6.613708e+26 1106913869235.589844 990632120427.262695 -1935.890553 43212.268697
7.074870e+26 183550693350.200439 -273886185234.557861 -876.021335 23369.086644
2.021305e+26 1065524284444.950684 701083759550.007324 25051.704778 -41365.613286
6.375668e+26 1188184217346.937012 -886421660224.929321 32932.904116 -8899.638760
3.254220e+26 323334701678.233887 1167681046103.515625 19532.036613 -27567.370109
4.606627e+26 -1071082303036.511719 -806443381658.410034 -18191.556803 -19638.322553
4.213477e+26 966051414355.860840 969604512294.215332 43213.238576 -19144.636448
6.467275e+24 1497441872005.827637 351111861149.026611 46238.324638 -27673.666920
9.058322e+26 -1188146462317.710449 -807471631919.775146 37768.361145 -22561.611533
8.339869e+25 -713884821175.844727 -732226872488.531006 -30753.824238 45341.452370
8.508943e+26 1294865593174.157715 178089037757.697510 15104.074943 43006.179320
8.008662e+26 -860440872813.749390 600807237619.142822 33771.667339 2878.857326
5.960533e+26 -481060108197.462402 -118546905617.585938 43627.632255 38844.958524
8.775990e+26 -874662848173.195312 -413086883441.880859 16809.705704 -11968.804157
7.551944e+26 -34103598383.572021 902527514962.412598 3133.645632 34202.339999
4.127497e+25 -249994988468.203125 -296103796218.634033 2557.734234 17501.748292
3.548299e+26 263244068459.104248 -859440600719.228271 -23670.729629 43343.397014
7.847268e+25 -823758697959.861572 116599191400.788818 -34866.174325 -49849.552225
6.567421e+26 -1328361319254.225830 1187101065809.225098 2303.359608 2861.183104
8.059658e+26 276978218317.694580 -80667280201.215332 -17607.676218 -17260.270666
6.221861e+26 -10602433838.507568 215362181772.860107 7301.459158 43778.918536
2.161534e+26 -1172837850712.635986 -1232016179199.907959 12169.896886 17677.280359
8.552684e+26 611074901717.846680 881697369875.632812 -4112.100054 33512.468512
9.974027e+26 1007684861285.202637 800768180056.600098 46014.680284 19080.505484
5.403457e+25 -755140081060.351440 120784793725.435059 18100.379825 36891.428142
1.968176e+26 -109785373562.265625 -191347989892.918213 -35099.394061 -33191.056842
4.957891e+26 851249655690.644043 -909476174617.751709 -33602.441789 -46891.262757
8.741637e+26 1446962096505.961426 249277599749.631836 -43568.270559 -11568.788861
2.941683e+26 -266853886303.868896 1073468214375.513672 18207.063717 -1336.013052
1.724222e+26 -760959833938.462646 -952360986775.827148 7112.718302 3478.014408
3.615605e+26 453402663087.311279 610308871655.110352 8705.380673 -36052.915770
2.712822e+26 -736994885720.963501 730166852377.325195 49698.725092 872.163599
4.863136e+26 881277999194.959961 -1074650851866.232788 27374.700188 45169.666885
8.642363e+26 -181736652034.262939 1131702943921.456543 13398.386500 38023.705047
1.004923e+26 494462071826.092285 525153415098.745605 46371.849133 -21055.523407
4.089771e+26 561687247165.270264 -631181438566.431274 -11634.638963 23217.344670
9.350192e+26 -99008741511.446045 1421645782785.748535 42935.924493 25090.633270
7.770539e+26 -455321559495.095703 -1485319420718.984375 28501.622708 26023.656327
6.951358e+25 1173214451069.031250 169810080814.866455 -36753.373261 -3512.059233
3.017004e+26 1436940299047.700195 430732591627.800537 -35221.086598 35359.570080
3.244363e+26 363115957029.640625 -1471742637475.855469 5763.060967 -6987.434129
8.333415e+26 -843738663647.900635 -1054956797807.705811 -45090.256718 44041.070698
2.890688e+26 149888515542.460449 800573074275.625000 -26152.600532 -2950.213632
2.937412e+26 -201096652048.285889 -64434189194.852539 -20299.406790 -45937.628353
6.116051e+26 -951935892330.716309 -1142373628335.906982 -33034.100585 7389.187202
6.484802e+26 -219552590242.511230 -35613935375.934814 -25892.187167 21416.560233
7.640053e+26 -820969678726.656738 -1165344507290.676514 -41807.523447 -27726.549195
9.057427e+26 -708893528015.046631 -658230479115.735107 44341.050843 29633.213422
6.366141e+26 -1366976214848.048096 281291934968.869141 -42858.628213 22695.930040
6.052621e+26 873964857619.727051 1111207524704.267090 31216.092516 -20785.569485
2.083231e+26 1232056082553.308105 -906096746478.760986 34499.554433 48311.598753
7.832353e+26 -35539783157.601074 -407018499772.446045 46112.050660 -36004.097979
2.391208e+26 632866284.110596 875160849992.821777 -8695.999441 6734.815084
1.769001e+26 -1145037288024.977539 -1004101407888.077148 29573.352545 -19163.803544
5.902335e+26 511421300836.416748 -163911726468.531494 -2139.825482 44556.012604
3.693957e+25 896947745764.880371 1384024053298.284668 -20482.954332 45863.581997
3.833102e+26 895451541513.893066 -691561027052.607178 726.470123 34407.544577
6.047823e+26 957213479123.477051 654118184488.203857 -44296.022012 24067.904033
1.260100e+26 1221951517654.777344 -1031700941820.534912 21125.679838 -27896.565042
5.540275e+26 -756293947859.203491 977393210163.937988 32177.603889 -32783.185831
7.605246e+26 937525101139.237793 780747876628.466797 4473.736094 -26381.259777
7.035062e+26 1167068975465.640137 594260824670.741943 -49532.115582 4568.481726
5.327265e+26 -1376923990911.234863 1114781647137.451172 10985.462805 -23744.324014
3.524884e+26 -716397410667.687866 -1330203214648.265625 -43740.693592 -18070.548858
1.088113e+25 -1474536047159.643066 -503384586245.290894 -49780.053370 -9034.460725
2.076900e+26 1092720385405.508301 866617629703.771973 35959.192061 11073.200101
2.900914e+26 -56480923720.635010 632016748452.666016 -3574.087977 -23814.290071
5.390180e+26 216850944962.541748 -855665461659.351196 27891.199063 15822.029028
7.340185e+26 340995520954.741943 -24323433686.655762 -49325.800916 -49650.010500
1.261955e+26 512942345091.482178 -1370768311610.450439 39989.392155 -41235.957051
2.121536e+26 -1294856300290.532227 1201474405519.663574 14751.881325 3969.617802
2.037082e+26 -327922014647.545410 914782378328.745117 -32370.702576 -10991.260744
2.395981e+26 -436832459764.863892 -311935301384.088867 35682.517192 30063.858561
9.050068e+23 -1348188577240.366455 1070167002188.134766 31587.253924 -16946.729610
7.570269e+26 -910437951627.268433 -286184084685.016113 -30857.150531 -33057.112481
3.277868e+26 -1263595441105.060547 -1214238487693.588867 17073.261243 -7059.770504
5.588096e+25 -520510121748.887939 -1036162737270.432129 -6193.246045 12929.727052
4.047817e+26 477849272094.450439 412771021725.527832 -35428.086667 1381.750461
6.474075e+26 1319132559387.611816 1383771933271.503906 31795.326075 -41032.091353
8.220650e+26 683611788871.801025 624853964812.354004 4657.399083 33332.722915
3.552527e+26 367433650285.808594 194466030320.765137 -45992.131853 -42998.170361
9.705246e+26 1422938860042.202148 3190286616.678711 -31355.100998 27886.150145
1.799280e+26 -1421607155239.033691 -749368744150.507812 -21047.555566 -26410.884642
2.073314e+25 -501994304398.133911 -1045410343581.323486 35430.234042 12239.703977
8.569882e+25 1139743212754.238281 162636959572.016357 -25404.168668 -19736.497881
4.983637e+26 -227654352634.930664 1163786454321.272949 -43746.142831 -26639.587781
4.469127e+26 -610845318312.901367 1297615895122.213867 -12685.601592 38904.226333
2.081914e+26 982771788873.060059 758597684635.117676 -11319.364168 -40846.895653
3.502833e+26 244388293552.229492 721076282434.727051 2513.214984 -12918.101886
4.903901e+26 -780093494613.599487 -978495453080.784668 -47168.596168 -29813.473233
3.556661e+25 637868162795.788330 -868166823262.449097 -953.818123 -34771.767305
9.702199e+26 -971132787051.221924 -829919572538.871826 -1527.337553 -33367.164318
1.542035e+26 -1124244669810.128662 -39215239262.019531 31713.544237 -24695.970553
7.633792e+25 -798061747146.556152 -1297740957995.470215 39259.579730 21929.102864
7.235138e+26 1133139240557.943359 863110597996.078125 -46958.441179 11554.904094
9.528651e+26 -1097380523824.547607 -884616318760.198364 27981.780890 40343.282349
4.552386e+26 -1376885008692.340332 -283219080135.359375 1071.310409 29891.509793
3.255624e+26 174260044949.409424 1143610165050.859863 -46396.173066 15013.870861
8.778226e+26 64358381241.709473 -1361695422966.340088 49655.472954 -37348.304268
9.514586e+26 -1059668245151.929199 275236744959.763184 -43669.169222 -45105.740151
8.726512e+26 -640013813980.551514 -815526529731.509033 8606.842854 44755.895784
2.321816e+26 -527402604390.739624 -1423724452274.697021 -30154.461985 -28492.802626
9.528624e+26 769668305476.843750 1462794819235.075195 -10065.625516 16804.195163
3.563782e+26 -337027532432.655273 666841136467.009033 -9720.166265 -49227.983197
1.364632e+26 528966557403.573242 -610780790376.772949 41256.223453 -12055.175037
4.497455e+26 1393338004105.432617 -1048937923171.233032 -38546.167169 16887.909718
2.853021e+26 289608448311.076416 755273587149.557129 -38525.575032 -28532.082848
9.294029e+25 180455931890.291992 1321087830935.397461 8372.563516 14062.647738
4.527471e+26 -475692710252.268066 240665877295.224121 -42467.922507 16048.788382
4.076108e+26 -760121284104.855103 -1113601115227.979980 -27609.635712 -8780.542591
9.968715e+26 -185191510126.142578 1033381503824.715820 48899.242334 -40481.641498
4.227373e+26 629612691473.388184 1359928470050.124512 -27352.312088 -1903.299433
8.169110e+26 -1085943267791.127197 -212678373041.864502 10787.484203 -36979.906211
8.018388e+25 1299960271479.453125 -872146775231.112305 47146.737122 4247.268476
3.879402e+25 -1178373781721.576660 1364886164255.092285 -27066.939947 23162.241898
4.485929e+26 650636247860.758545 -795565999617.606079 -8646.825329 33751.139904
1.534521e+25 -274225913981.593994 264980075741.762939 -253.988128 41452.474426
7.716460e+26 -274460484641.132324 227725787396.752441 18409.347351 19003.036891
8.764044e+25 -746608556425.076538 629920075866.888428 38229.745862 -38233.263747
2.497146e+24 -191928833506.739014 -415287571068.019897 -15525.101270 34491.832626
2.229987e+26 681863367133.612793 -1065227043308.521729 18237.249055 36358.823903
1.395190e+26 -1474077380944.697021 -1154354148178.044434 25905.491693 22559.154477
3.597475e+26 1033101603352.272461 668925603504.541016 -44291.269594 38199.767761
4.215106e+26 -378254674301.223389 -171647445287.486572 -15147.536455 43626.433924
4.300103e+26 440205278391.903076 120079328226.333252 -2905.632857 -20499.840863
6.852551e+26 -1235925918738.194824 -410654115094.801636 37453.472164 42929.993175
7.446135e+26 852705868783.630859 -369241332240.147461 -6891.797159 44111.654338
7.321570e+26 -185617198995.592041 1157005348973.799805 10204.880961 -11439.779167
8.915063e+26 392089793528.762207 216204883483.947021 -43999.563625 -20137.205171
3.867116e+26 902771897656.835449 -1451767822120.762207 46517.552903 4578.282356
4.383390e+26 119642482055.743652 -307580493832.244141 -41319.708473 4919.629508
2.062874e+26 109466345688.554688 1252172982536.068848 36457.595826 34109.929457
7.921499e+26 760389561404.152832 322368116394.643311 -48189.740771 36007.630370
4.856179e+26 601490871439.489990 1376325192935.729980 10849.758418 14104.165993
8.311482e+26 796933284127.780273 516645905562.380127 29506.471372 -1579.153019
6.439492e+26 477741863933.048828 -1109041540754.588867 -11303.826423 31125.626436
7.367654e+26 -1017376631088.131592 -360580519670.540283 10075.363966 -15573.561723
6.938226e+26 846914467526.275879 502081029011.750977 42566.376045 -21644.395970
5.153028e+26 514380311388.872803 1083198320212.422363 2030.153869 -1783.573316
1.191908e+26 -567711315703.664185 -625722118150.527466 -25127.220972 -28654.656170
7.763415e+26 -1085313250785.056641 -1104579217400.548340 -1053.110714 -17121.947329
6.319067e+24 691167234818.456787 640953087733.901611 -25318.109220 24354.785857
9.873143e+26 41182500896.213135 -89305652863.766846 -9670.850873 -45582.081425
7.597230e+26 -779736268711.697266 1116735311033.112305 22469.087802 -3186.501964
8.343679e+26 -1002431998167.052246 -64135056290.232422 29269.683040 -37389.346579
3.475247e+25 924968243021.285156 -277570713995.235107 18592.456453 -34369.390303
5.429675e+26 1497199995160.653320 1135962086550.139648 -17052.486142 -7601.088351
2.041843e+26 -991138975350.858154 581963425054.114014 -48607.388337 -27358.862942
3.418002e+26 1120071675892.062012 -2297692716.749023 -15990.990695 -38938.445530
4.268207e+26 1076296970885.244141 1004111475793.544922 40896.286413 -16201.791789
3.354876e+26 1200834876873.027344 -1350844364587.546875 -18474.648191 -12270.828721
4.756296e+26 -344967778043.607666 -1220888837312.780762 -6303.777850 -45771.343561
6.408025e+26 -984343542358.399414 -814166369899.037598 -24520.496139 12001.877854
3.047039e+26 -755405340772.646851 -1332509538421.474121 -47768.228876 16701.572209
5.239558e+26 1045675750440.534180 -173940154148.601318 -13803.176606 -9995.759658
6.705864e+26 -198760672843.155029 266130285145.837402 35366.906334 -34173.993826
6.451688e+26 95430998248.542236 -730890312429.344482 -19988.174652 -24696.317987
5.393117e+26 406677752581.299805 1206569447755.813477 41279.189345 -22336.436585
3.403494e+26 1472914093254.812988 532165509859.414551 -38756.851084 -2061.011673
7.956046e+26 -598751885234.105835 1447427508026.228027 43120.104790 28256.799402
7.815610e+26 1099766341462.798828 1009640092969.164551 14089.991685 -25377.148625
6.777916e+26 -478008219000.434937 -897358188268.087280 12844.767353 -18087.517846
7.483782e+26 356960905830.892090 -548980198534.472168 -5076.128057 -5533.204023
2.247627e+26 -1300794712905.304199 1235002642865.100098 -14749.755612 -27974.112594
5.670081e+25 -1226537737562.831787 -366366018143.889893 24847.243898 -12791.848992
8.112063e+26 -684331829862.791748 -1416637833080.224854 24427.161611 12397.584289
6.682461e+26 862388274704.352051 -308807977893.111328 -6426.207438 -9662.266191
2.814635e+26 500445960687.323730 -450605471987.604004 12168.866385 41806.582488
6.114029e+25 -763614489437.681519 -370961077663.975830 -26681.686017 47362.200198
1.929677e+26 1399646297950.501953 1019967816139.240723 48612.786523 18234.681121
1.998600e+26 371911289546.156006 -78085728611.022705 37097.281813 45547.908394
7.388512e+26 -1238262227870.491699 -1218456053825.616455 45276.117673 -11581.444809
9.125036e+26 430175915346.856689 -1175660847677.881836 7546.704231 37030.558324
7.279997e+26 517234045245.868164 -172500365030.646484 -13403.637185 48698.910176
9.916537e+26 -1491176590284.952148 -1264478897426.125977 -27854.247019 -37911.178942
1.591265e+25 -544525061051.145264 90081976280.676270 -12503.762147 -33392.461532
6.689715e+26 -446228466840.675903 1168394871139.604004 6109.052382 33111.225762
3.040986e+26 -367649647197.328369 674423425965.111816 -38018.829862 -14967.302899
1.895035e+26 -743038757906.941650 478102348016.476562 19471.961383 -4779.145231
4.799111e+26 1137206340785.659668 1097275197119.165039 -28399.736565 -33167.275939
2.358430e+26 -700007630970.269165 -385913595979.597412 2154.579282 33927.416840
6.580003e+26 766074770938.468750 227575624775.390625 4462.298322 42533.467585
4.473892e+26 1078389068468.374512 -1034071650680.922119 -23280.913041 -16214.034701
1.166203e+25 -415575878984.108521 739795005371.070801 -48061.246504 42763.107141
8.521703e+26 1049171657510.115234 -1040565271911.614014 -45889.932216 4437.595794
2.176780e+26 -829199441788.842285 1018798561540.526855 -8976.567141 31800.458243
6.838948e+26 765217554415.498047 -1419704215022.200439 -18635.377780 -7890.526166
6.608212e+26 464660859911.135254 -1040469621630.463745 -8666.025200 43940.580041
6.568373e+26 -1183523455714.638184 -102872488010.700684 41005.645333 -49623.311090
4.289210e+26 -515927210054.669189 819023380627.479004 -1896.826027 -25679.630560
8.472556e+26 -908202557270.212524 162796288441.767334 18333.051086 36294.692799
4.762224e+26 1445272264025.605957 1159345611434.283203 -513.064950 26193.605003
7.173310e+26 -182111941973.550537 473577989497.419922 37499.027547 4341.441960
5.680825e+26 826449462246.101074 514622702408.049316 17349.357212 27548.964384
8.977131e+26 377403197068.200195 537663664888.340820 44611.390230 -7627.764192
5.853445e+26 185207076960.489990 -728081726381.786133 44637.457967 33231.222496
1.598988e+26 19236813922.638916 -658546644736.708252 -5210.878311 11632.744283
6.656593e+26 1045235581474.937012 -278460286081.661133 -37744.007480 -11333.461505
4.646825e+26 263675961286.647705 -1464293243852.619385 12032.441989 13104.005276
6.220693e+26 -1016716934907.832031 -1278098507411.834473 -14374.950189 -39370.763956
2.748777e+26 1308441392616.066895 -1383203526273.005127 44954.740481 27474.182715
5.444311e+26 636234763009.776611 2792897065.478516 34098.308460 -16513.785139
1.135280e+26 -499606678326.250610 -597362092684.458618 40714.982492 -37569.908255
8.640282e+26 471952443221.410156 7205028695.144775 26958.999373 31704.281563
1.389054e+26 -137407767283.270020 1412450594605.905273 37720.225165 -34881.576981
1.702101e+26 -491517965364.035889 -1432335718000.324951 -22807.120696 920.672537
8.694372e+25 -147227949521.552490 -1304169578088.062256 -1916.307173 -47838.792756
2.469808e+26 -151063059896.592285 -1193596101034.098877 2746.544560 35637.048917
7.995114e+26 12911868410.974365 -885386740628.804077 -26688.808884 34909.939812
8.485842e+26 911000477361.206055 592147777203.995117 -14355.722189 49357.267937
3.920426e+26 388042168480.901367 -73932998974.178955 -13109.148004 15116.152263
7.535838e+26 122611130072.684326 -894022022122.103638 -2582.757477 17944.631024
2.321970e+26 -1077251956101.657959 1270247820218.791992 4766.330269 13951.278432
6.008679e+26 1165458835327.104492 975418555222.409668 -11731.857929 -31313.195656
8.668043e+26 1128645961375.016602 582757299964.557861 16198.158567 -13121.957131
7.768690e+26 -82473336106.199219 -662501970462.761230 11496.526391 14101.940720
4.780866e+26 894600216351.717773 -435191173805.341553 44992.172044 47259.887241
3.417493e+26 -366472590424.751709 283732347784.122314 -27906.027349 -6941.220565
1.788285e+26 420685489623.173096 789057058304.200684 16774.765226 -28234.851762
4.402361e+26 -206191399492.247314 -1148795553577.528564 40126.536808 -16501.833670
2.620742e+26 -63464454139.362305 566549833280.391357 -42492.369470 30702.767200
4.608598e+25 1332576066155.728027 1151323795567.234375 -23584.351393 1697.660508
9.277331e+26 1207268290113.472656 1237828772005.552734 -5590.742929 32647.576824
8.842437e+26 369986583373.731201 1263710600476.354980 13304.912065 -12428.304055
2.772399e+26 512234201427.726562 -359839603465.013428 -1174.742410 -10996.869397
4.036374e+26 562394330942.189453 -134881995873.331055 23541.679484 248.026580
4.238691e+25 -482989281108.707886 -1441501594764.712646 12653.362581 -30018.039962
1.382586e+25 -547804680299.843994 17512639050.162109 11195.952959 5715.367375
4.146728e+26 113661892313.140381 -368053007196.918213 -9696.460119 30699.244265
9.713179e+26 -232251309622.678711 719174126011.914551 -47151.480239 47194.805532
4.905707e+26 230685222625.809570 -1348316904592.708740 -982.208518 19298.341416
3.213223e+26 980084906573.501953 -161239701022.583984 44889.868187 -23687.713156
7.590703e+26 465667243260.938721 1199814183701.800781 21026.675284 -26643.628445
1.155585e+26 -1421035600630.736328 -489109524216.717407 -47653.440621 -46533.514187
9.394267e+26 -606736470513.668823 -830720913174.625854 -29371.097508 -49662.083665
4.753297e+26 774037011644.697266 -1093031552840.630859 11302.703471 -7245.746318
3.401238e+26 -127423306745.268799 621758659954.939941 -24830.158538 -23490.315099
6.443006e+26 -599535285613.234253 947598442581.867676 25570.229999 38189.585221
3.620950e+26 1142322223753.558594 -189268749428.858643 27157.101921 41665.711876
1.155745e+26 1079759795595.623535 -1242950704690.542480 -7875.696880 43106.748462
2.270715e+26 678815862133.617188 -904283896707.395264 33090.794054 -29423.460753
1.919668e+26 871285829863.538574 1272853773226.759277 2894.236420 -46371.077283
1.843840e+26 -454320243974.557251 1250733789866.427246 -35741.088165 29379.356534
6.712971e+26 240504213544.584473 -794683314356.201416 -15578.881091 17598.279020
9.923048e+26 -1119122900564.148438 1067853744370.786621 36484.506183 -14390.996782
6.357545e+26 1071015379090.781738 -1149626505930.779297 41287.139971 47695.694643
1.106127e+26 621902695567.470703 411032632307.616699 11456.861134 35570.329891
1.178086e+26 1041569052193.187012 559527927253.447754 -46103.016716 -28247.067585
1.532883e+26 -1246329117228.316406 -1139352836129.670410 39425.046359 -33459.299151
1.570816e+26 1227932725032.669434 283709973929.521973 13359.392570 -6578.501158
8.935361e+26 713792727012.982422 -234787718718.193604 -7810.555624 -33709.685851
6.834737e+26 1290245693348.053223 -958392414391.335815 27633.967377 40444.983188
4.565603e+26 -948444936785.740967 -167699420845.677002 35534.067256 3742.407209
6.947841e+25 1243184854237.379395 232897709600.481201 -27368.020704 -7563.844919
2.481075e+26 -1260461746608.414795 374625409823.089355 -32309.804428 24547.247501
8.157187e+26 -1447066907294.932861 -637032968529.574463 21100.408843 41628.310805
2.278158e+26 -1206774216278.179443 989440637275.300781 6749.594631 -34778.753844
4.613263e+26 1421731002845.122070 -874944362258.560913 38196.454063 1928.049785
4.357092e+26 -683134524695.294678 450515820075.084229 -19667.572929 -8488.627126
8.242780e+26 -695123043903.886841 -169305437477.464600 24139.999735 -9903.000760
8.674183e+26 159564141156.020020 -1479538137943.991455 -26993.522860 -16579.491546
4.306126e+26 -476586141130.186035 377729956635.961426 -30478.233070 -28741.739271
9.060706e+26 53507644056.593750 685967527275.357178 5044.611622 -40021.629509
9.902659e+26 1343314408219.924316 1027121550038.086426 29910.310473 -34963.525321
9.286378e+26 -1151517811560.344971 -1191624594362.012695 15229.876823 -35744.298677
6.634814e+26 -1389477017555.904785 -998552102004.887085 -45118.892511 44798.846200
6.919222e+26 1221837817245.166504 724779226668.880859 -15659.608076 -35753.529684
4.905575e+26 1049712098482.821777 -1288701128157.455322 10672.311994 6267.244098
1.032469e+26 -34056284316.517822 -1002498604035.680054 23950.875612 -33375.559392
3.449610e+26 -1108154945282.210938 1124491970696.867188 6248.424181 -39948.815669
9.239249e+26 -364053402062.154541 -1386388767401.580078 -8694.547512 20660.686670
7.734741e+26 -1029947376218.486450 609374951781.406982 44872.915426 10581.223948
8.246628e+26 -1399068868889.022949 263383431933.970947 -10053.094742 8328.380343
3.258266e+25 -220953404926.171875 -66793919850.521729 37629.972737 -19711.147043
7.976283e+26 -161406493571.029541 918837611507.900391 -49805.206088 15681.018855
6.703484e+26 -702670481804.956665 1056464735683.459473 -45548.120313 -20395.650355
6.762273e+26 1174456981331.137695 1309877631840.455566 28195.088545 39719.627895
8.852027e+26 372549069669.445068 150096007188.209473 -5001.178969 -37022.215726
9.766705e+26 -298088354763.613037 1113989274760.913086 -12872.878257 31698.321021
2.515036e+26 1068609045665.319336 729168532345.922363 -42298.272228 2959.376524
6.654022e+26 -563728443507.065552 838385334605.449707 -2614.393375 11443.418984
4.245614e+26 -1027072524751.904053 948183114758.084961 -29811.941562 -44416.089268
6.482614e+26 955089268625.547363 -434217952346.129761 43299.887285 -35922.286454
3.863208e+26 702892482257.955078 1442596430454.976562 -22954.299440 36650.383808
5.237652e+26 -1378445405838.103760 -682342729160.632202 11831.511365 9240.352666
1.261659e+26 136423426215.956055 -622081503893.685547 49408.331159 42746.392070
8.647456e+26 541251006867.998535 104812437527.789551 38320.918806 4729.475111
9.462933e+26 651991145680.641357 -675719618687.587402 45358.801355 33692.728570
1.487940e+26 -1480371401010.116455 -881957182401.389038 15800.951256 1504.479239
9.165740e+26 -1058956216884.399902 -506074180971.121338 -18443.422458 -44592.528252
1.957695e+26 925584054083.167480 632622702953.909180 30207.083960 46079.601075
5.717045e+26 -1220350578594.108398 483138889942.444092 10752.542382 -39605.712089
1.112094e+26 -663631356991.224731 -766573050194.611206 30047.621176 4805.289447
9.357857e+26 -209487063626.446533 1346670334124.437988 48509.678531 41382.584820
8.214683e+26 -1479940392322.695801 1386889072920.539062 -44985.270318 -32198.894910
2.303411e+26 -1331302800980.187988 -974525922341.164185 38387.484391 29686.665069
6.774095e+26 375772557104.478516 330246743419.195312 16906.158528 37366.045454
9.828140e+25 1095666301864.413086 126240352207.242432 45581.722577 -5604.016800
8.579647e+26 -38612036189.291016 1123816003556.391113 15972.136419 24615.631385
7.569399e+26 -717330553538.855225 -479706390911.639404 37643.252318 -35920.532268
6.376135e+26 982036990124.746582 733243950159.159668 -25813.570226 45748.220647
9.051036e+26 288316910570.000244 869020710087.129395 19232.536941 -34065.308936
3.732135e+26 246055917175.431152 -1195023519432.059082 -34912.519566 41365.328669
7.796496e+25 -720727062568.507080 639347669354.907959 6743.265003 25843.177480
4.037584e+26 196916259478.994873 473317612054.554199 -33179.531279 -12510.387339
8.008580e+26 -1418761983236.448730 -725643088804.806519 7798.260905 17257.099750
5.686731e+25 -398714410773.665771 169101548597.722412 -28598.460661 -26890.986968
2.517693e+25 708680853205.345215 938375650637.795898 1897.854934 -46325.829958
4.014548e+26 613092827845.067139 1298885349888.259766 33602.502910 31195.732991
7.733261e+26 -5610442561.329102 -839878697055.568970 -49730.021170 32988.757155
2.093190e+26 -1213095305612.057617 -707252813310.557251 33371.925200 35268.981803
3.475822e+26 -627517589942.184692 1073904546726.527344 29713.410894 4207.485619
1.848142e+26 -498018187669.414673 -383449838173.730713 46218.770126 -22398.950571
9.448707e+25 -640014656229.128418 -279559631537.520752 -30180.717687 6319.042071
3.991343e+26 -658855428768.259644 -747921455861.375854 39755.770050 -25471.832953
1.604683e+26 389322365562.671875 411117324801.558350 -5083.221677 -43825.915018
7.882689e+26 237137646042.341309 -86815269217.607178 -21125.296536 -33410.279264
7.929398e+26 711583195519.555664 1317845859605.378418 -18585.241906 41665.885139
6.645700e+25 -156144372524.846680 -1108806903491.380371 10380.328885 17718.353948
5.367876e+25 394219363664.050049 -989839855882.320312 -19041.680326 -29987.282736
2.738216e+26 1274223662406.664062 -621387900823.588135 41166.079386 -18578.367576
8.073034e+26 -1418852644146.736572 -377107061268.906006 -24544.020908 -25417.769358
8.312357e+25 -485719006425.483643 -581984032269.704224 -35448.496278 5438.148424
8.028292e+26 -818141681425.178833 -1168960539538.203369 -35358.184638 -39769.215647
2.930734e+26 -943579947125.418457 -735878177112.201050 -21604.702922 -39147.879562
2.286146e+26 1459797689131.942383 -732208093391.362671 5002.466499 9631.680065
3.101983e+26 -309777766564.671143 1411143251319.571289 21159.939912 -2844.415027
6.243669e+26 1327223143552.429199 -1301140264671.028564 -21151.713314 15019.992490
4.499193e+26 -893403918186.687988 -9052335998.468018 36775.194276 24971.727674
2.959169e+26 -1006264730312.063843 -748334369370.517456 -32117.156426 23708.229981
5.244252e+25 310501522936.716553 -980487580379.599854 -43938.158008 10838.961976
6.746070e+26 -149037169320.210938 -419198768456.806396 -30448.375042 -44219.680175
7.522747e+26 -453238610695.460205 348520909172.971680 -949.491668 49369.058642
3.903875e+26 1010117907972.306641 -1331540310231.707764 -26514.693955 26454.510434
5.353984e+26 -1136687571297.583984 -707227603139.314331 25875.659564 12943.258445
1.302041e+26 -1477387642107.846191 -707341934609.308716 -10628.573860 -24463.356159
5.638229e+26 -224463864959.399902 500566356026.645508 22213.439784 46759.073607
3.740272e+26 664929673113.382812 -126302017873.600342 44820.923486 -7947.461113
6.898192e+26 -87965472025.154785 -199294049538.887207 35008.430103 -4203.178536
5.133470e+26 -777811291918.087524 -829591735260.311890 -34541.292773 44446.618545
8.368426e+25 -1160671492497.307861 1065161895579.590332 -37295.976193 541.893370
1.905968e+26 -1428541305902.612549 -838331769207.518311 -23647.047735 49781.123632
6.923368e+26 474601316473.244873 1207678350856.957031 -5420.725541 -45773.071205
5.680668e+25 -918938547346.104492 -1479361619577.990967 17041.822461 12107.532738
2.413070e+26 238795459818.111572 -3112623717.739502 -24653.128507 30250.104899
9.736002e+26 -1193995670726.749512 -1164225803235.190918 44102.888949 41525.831486
4.788015e+26 1325497110033.177246 -100014107539.860596 43376.707337 41144.684194
9.218051e+26 -1296116220684.500977 1130723674890.549805 34847.152813 -39624.373568
9.101474e+26 -1173856808706.992188 -98936694189.967285 -27961.566603 47420.067533
4.333049e+26 805389979329.554688 1471917230843.027344 34211.721895 -37549.584397
4.887044e+26 -1357239391208.065186 -200119784596.490967 -6908.136315 10991.798622
2.433000e+26 375169806739.572021 -330603042313.234131 22941.782790 7126.319910
5.644938e+26 -112932031472.497070 -1191220631470.862061 16468.533390 -11729.238932
8.700232e+26 -202451396520.813721 -479992817454.338501 -3754.791258 30276.654226
5.257485e+26 -121460884743.827881 -137434034570.830811 41836.149929 16747.907517
7.148171e+26 -788556739492.918823 511103195326.100098 -10963.801130 -20955.581520
1.721253e+26 -900738845276.783936 66586690030.467773 41307.600479 42114.957650
9.367413e+26 -1486571572203.133057 -1269844923224.792236 14459.356064 -48691.267623
2.646395e+26 804337288614.120117 1009046300188.601074 3848.876188 -23000.273730
4.488252e+26 -1028280398599.791016 -1291433687991.328613 -46172.033882 -42076.169295
8.580086e+26 -835826323795.686401 282722073679.008545 -6833.515783 35394.668339
5.158635e+26 -764545518201.771240 1059213515278.767578 -7819.837849 32576.336176
8.783009e+26 -1354999426751.728516 -953272347178.154541 -10543.538434 -44060.315077
7.857906e+26 -1268703643577.275635 -115366553914.239014 -9203.872300 -3495.691628
8.051643e+26 688926994637.885742 -310907435594.684082 3015.761645 26129.706680
2.377545e+26 1469533964659.483398 -1317278611305.395020 9163.319931 -33799.450281
5.212384e+26 883903048719.639160 732458642528.444824 -17337.194180 10770.431879
8.100849e+26 785785321641.387695 1009852434391.435547 30291.814355 3990.982450
5.287829e+26 -857345124925.067139 711696882746.167969 43094.494489 -5869.805398
2.715050e+26 167826403926.239990 576887101811.322754 -9728.704302 49175.859688
5.806915e+26 189540881389.364258 1214797228424.175781 -9649.465346 8629.078464
7.426235e+26 -1142114948468.169434 -351783359695.002930 23978.463830 -45048.737894
3.688195e+26 -1173610371330.213623 289149908122.243164 -41945.896597 35212.259304
7.569552e+26 1403395419175.291992 164067391871.878174 -4611.978207 -31059.989282
1.824220e+24 -1093993882238.403442 -997225957128.052002 -12108.221528 -2526.946820
6.731821e+26 -860309094995.430664 -368430231001.997070 37073.380180 -29203.353106
4.769282e+26 -702758269785.316406 -30362883953.436035 -30812.791356 -32508.788774
7.491757e+26 987223348928.858398 408282940971.964600 -20962.764156 -37534.289681
8.720399e+26 -249035988629.470703 1425940074476.636230 -20071.770034 29307.565128
5.270798e+26 1374719290504.479492 -1275646348181.792969 40844.108838 -21246.517546
2.150344e+25 -359400157929.618408 -601014014842.774780 -26459.848856 -10439.165110
9.262128e+26 -906809794372.584717 556457194533.507568 47412.753811 24957.353782
7.424187e+26 190773873007.950439 147436123054.567627 23217.016363 49672.577633
5.172607e+25 -12934212122.765137 -112505584889.930176 -43582.440976 5944.182790
6.188433e+26 131552865705.574707 1086151702325.298828 24272.525757 -48469.608936
8.134074e+26 683211533335.972900 -587553153102.974609 -1595.758049 13356.258595
4.341463e+26 154077065446.442627 24819641240.667236 -31142.456542 -16888.475117
7.037000e+26 1104206427483.523438 917200355714.601562 -6436.272283 5539.542204
2.659398e+26 -566118453142.088989 844845185276.469727 -2889.063858 21646.954367
3.959867e+26 -376263358393.246826 -704317789156.092896 11690.217335 26977.476711
7.783340e+26 -661702770660.333252 -267901681491.589111 229.868105 31652.347907
4.932663e+26 1041700684954.754883 1238390349968.338379 -36160.061422 -46032.032739
3.808925e+26 -1444317116225.264893 -1430649682293.285400 -23233.208675 27790.562687
6.264140e+26 -1005564241313.362061 -927446434910.406616 17902.826878 1451.789067
6.675665e+26 578319142201.620117 -1224978937161.279785 -15993.794471 -12027.468203
8.014902e+26 1246861715161.687500 -1470739066277.896240 28438.321505 6836.694140
4.898140e+26 -365819721957.309326 996022554042.285156 49153.821137 -39210.196288
5.595380e+26 332308523791.005127 -510898446743.663452 -33326.717592 9887.372541
5.847147e+26 -192489791732.161133 226313237023.378418 31350.764850 16713.446601
8.282430e+26 434951142492.368164 673231049600.584229 -26995.573031 21951.645821
3.150337e+26 -148730747549.248291 703529800070.056641 37128.828091 -29547.825648
1.026774e+26 -371857032816.528809 282350428804.845947 46863.003908 28790.014391
6.552962e+25 226431834105.017822 -109358035041.728027 20409.504564 -16473.299797
2.876391e+26 273683814570.943115 741911979503.508789 36611.312125 -15417.777101
6.827888e+26 29062350367.468750 -207199126545.793457 -48580.016133 34600.471311
2.813555e+26 -494131722325.192871 1075844891177.573730 -22304.150836 -25837.993016
5.151284e+26 -253232641771.697266 -811786246054.502319 -5884.066204 -35409.996092
3.564740e+26 1392432132366.527832 480466113340.846436 -29121.635728 -35332.777598
2.757809e+26 -770560836426.160156 -1258329097763.393799 47319.824326 -26632.599802
9.522003e+26 -137483242827.354736 1310458815269.314453 15401.898885 18322.624208
2.432675e+26 989586175153.741211 -1231969811825.398438 36328.873631 -38373.974751
1.003900e+26 396317361233.296387 811788984399.646973 -41305.108731 -35102.423976
1.041895e+26 555393513115.638428 1199189388198.288086 32613.673526 -11312.363306
1.206237e+24 -112920270173.220459 291669123480.936279 -30057.773982 -36334.580441
8.538214e+26 -328650128911.243164 -98661465562.015625 33920.148678 -39776.863759
7.366499e+26 465364135736.905762 489344767845.273682 -21162.909722 28901.222118
7.363598e+26 1358896177651.170410 -419138231782.752075 -23247.817938 -42187.697062
6.037974e+26 -851154030157.602539 408365719793.795410 -19957.577980 24113.368377
8.898731e+26 529800702280.041992 88996287258.119873 -6939.374210 29838.748404
1.539402e+26 -1475379389547.882080 -499260163512.650757 41084.185823 -21136.026648
6.254516e+26 -769369317959.539185 -1321894399415.811523 31592.162809 -1935.272969
1.710293e+26 -1214825502030.125000 1069013521724.653320 34902.757125 30968.976239
1.385831e+26 -273180541386.722168 574690436748.951660 24126.837351 -46835.231031
5.604546e+26 -1243387498976.377441 -947705694880.067749 -38926.209142 -37077.128482
7.206177e+26 184062907120.155762 -158846162255.119873 7507.513096 18727.614898
4.484886e+26 -450960550594.645874 -80868251178.325439 -784.991491 7592.150153
1.160028e+26 950199351296.541016 523558705900.540527 49862.722727 -648.329076
7.565841e+25 -1163244653799.091553 -1368676145872.655029 -1437.416644 39662.198769
5.216954e+26 -982588153272.228271 -717144483253.644165 45870.504888 -22247.811721
1.207885e+26 -598668975409.177612 309495469150.024902 45769.160090 29120.831815
7.363504e+26 210076934121.515381 278513536902.430664 6122.612797 -18441.707596
6.618178e+26 -1057333384679.324829 -1222795457670.152832 6383.478958 -35442.634854
4.160323e+26 367341454520.624756 -744135975763.782593 40556.658252 -12663.446028
2.841704e+26 649740065346.645996 -486578518732.721680 -48903.960658 -25227.668581
2.947254e+26 1044029545208.525879 -887835245779.747559 -31416.478041 -31552.057077
6.493621e+26 1175163616801.125000 886276691359.699219 -22835.961966 39060.220490
4.880149e+26 565625066448.019287 1111029363913.671387 -12157.865904 -42550.171926
8.156337e+26 -404408043996.225586 -1315384737609.240234 3044.531057 40057.313551
7.340638e+26 413999456815.295898 -885197864613.662964 -45985.484693 -19460.972442
1.481205e+25 -304569809162.495361 897340809441.726074 6858.296291 21681.951006
4.713905e+25 640454055100.732178 -973687980382.144287 -31917.639303 5338.733460
7.376022e+26 -195509081332.602295 1446624189321.894531 29284.962551 8013.686325
6.453966e+26 135689005017.813721 1315224965457.398438 34344.779017 -43432.322706
1.020049e+26 -926027559903.611206 1170150676833.586426 -44693.685114 35423.037345
9.667977e+26 707560734324.437500 -568248191895.132812 43089.464649 49273.361393
4.746929e+26 1069521945996.377441 -430713519177.869751 -17079.481750 10414.872179
6.025792e+26 1467912221804.809570 1269451987128.966309 -32186.924295 -10379.202745
9.878839e+26 -93969041756.044678 910974833657.950684 -8768.835443 33482.569532
1.312832e+25 10362329369.001709 -1160726667642.617188 -40991.017322 -10983.341268
1.111793e+26 401204394424.651367 697590904505.029541 -14618.318457 -11626.687192
3.050641e+26 360253543871.708740 1152349135359.525391 -34222.843213 -12043.523311
4.559004e+26 -431507123286.333618 321732743230.651611 -44510.758656 27633.441224
9.445256e+26 39450251216.035400 796506676057.884766 -8420.393173 -14242.105542
8.433146e+26 -347135588400.040771 -691048990900.333374 -25733.303471 14713.586302
1.292527e+26 1031941075840.686523 -519020165012.779053 -21681.822592 16580.883065
2.806220e+26 553747255667.976562 -46287048966.806641 -33124.035084 32229.741659
7.907282e+26 286379400535.722656 -1391141062473.828125 -32562.330268 -31103.506282
5.241120e+26 649991932516.708252 -1051602857239.320557 -45166.344054 -39488.207272
5.357875e+26 -1276423093330.983398 997684719477.645508 -16324.210698 16279.895834
9.528266e+26 -792207125190.425049 474850276712.565430 37429.774179 -31534.542178
7.728830e+26 -374438082710.072266 -119834318819.345215 36349.743954 -24148.655603
6.455192e+26 1142236225411.338867 718792767805.980957 46723.198102 43574.952350
1.369537e+26 -922580361953.964966 -43870874614.068115 41932.034734 -2796.498814
4.915917e+26 -1488233383194.716309 132270366837.280029 -2010.723005 -18200.595251
4.171002e+26 -1044399738919.839111 -713524123423.403564 21571.709699 27261.629563
1.843017e+26 -714514064505.627686 -1432970134380.976318 39937.573771 -30314.974379
4.747010e+26 818294697928.289551 797532392105.129395 44466.592287 825.302212
9.160726e+26 -519806407293.979370 -49294317808.351074 28359.236528 -14244.160228
3.188434e+26 -701923903659.328247 -844678399071.745850 -2954.191314 5283.394970
7.512821e+26 -290235182134.819824 -509211002258.759644 -32602.418193 18607.270749
8.575504e+26 80250963035.630127 -588327376527.810913 39064.996117 -11688.855372
7.268091e+26 96784235332.121094 252256049296.262695 -6240.001285 -26024.879344
1.156495e+26 1262440002379.805176 -1394395826000.501953 39547.169372 47358.397020
6.203253e+26 -433585338181.426025 -1201982393773.976562 12900.924257 -25301.004163
3.822068e+26 1266458583047.250000 1109511295431.791504 -49987.846636 -4706.489162
8.590418e+26 -458507865408.136597 -43616690590.372070 4951.672068 3715.587603
6.876580e+26 1177058769526.580078 -466717406459.324829 12383.140769 44948.134080
6.474507e+26 -1052447725404.211670 982465201971.991699 -19193.091871 -15743.172737
5.376757e+26 818596646825.418945 -406196294486.397583 -19041.101409 48484.929620
5.967775e+26 868174157117.776367 1253573161514.380859 12983.430298 -15577.891019
3.821867e+26 725500541459.483398 -194450421197.440186 24468.226243 -5.443852
4.610262e+26 -1188267757946.523193 -1062930155039.782715 -47866.360357 -43129.745707
8.404494e+26 -370385197544.983398 1329206420977.831055 -5896.704840 -35310.821275
6.195393e+26 -19095571413.903809 263626713559.345947 -12715.150689 17912.738905
3.454423e+26 811047746484.178223 -542893772750.755615 -7914.921895 19675.342737
5.517653e+26 -1247249565519.368652 449424394072.718018 8460.047015 25112.673407
4.008799e+26 -1272424992252.923584 -1391766362856.689453 20457.471676 -20967.548007
6.328294e+26 -817009428464.225342 126204704075.346680 35541.684563 28677.996773
3.786710e+25 -1126926202590.212646 -745633598786.385864 35853.876991 11913.645360
6.603472e+26 -1412606093176.629150 82026145788.596191 36168.060731 18154.595650
6.584696e+26 1325194480416.566406 -228732799151.447510 -23297.116297 28498.189368
3.740812e+26 585723252277.957764 1069390027937.815918 3863.716290 -48333.576347
8.315727e+26 -1164909902503.373535 342981854615.914307 -26689.667745 -43184.328103
5.696364e+25 -710112017797.037964 16556284192.682617 -5712.638588 -36717.514335
9.193297e+26 -700793294971.070068 1180340053099.976074 41130.346064 14834.812310
6.420869e+26 192348320597.248535 -1483523937286.825439 -36832.939369 30029.901799
3.626380e+26 -572258582388.674683 -390517368806.583984 -23457.558764 23186.584251
5.278148e+26 -354542420667.249268 850540118591.851562 20699.586622 31081.500622
3.706200e+26 -181624666928.589355 476532324035.595215 16739.592854 -9685.716848
9.824818e+26 -204820497437.886475 -1351156674399.186523 9565.470571 -36516.809558
3.489055e+26 1015386634237.873535 45450970607.066650 -33420.116429 6872.555313
3.497942e+26 296333235690.849854 -912447866356.240112 -10272.977817 -39627.781198
8.110259e+26 1275746952938.055176 767803585685.493652 -43718.135834 -6492.453265
3.158565e+26 -1084008450669.605225 -994189714168.275757 -2906.845364 49225.784896
3.382159e+26 227123459352.740967 -60761165721.366699 -280.233838 23467.108132
7.573431e+26 1211433363180.709473 400426257898.649658 -19916.305776 13621.698997
3.291674e+26 177961049495.381836 -439490193218.665894 -196.000861 46692.195944
5.591432e+26 1205977217328.954590 790319437461.254395 33856.419332 4081.377437
3.247457e+26 1039663262551.812988 945304997905.235352 26775.501599 -2134.473764
2.498216e+26 -1034690877809.781006 -1189314476205.756348 -36854.429569 35488.220393
4.516374e+26 631093825452.744629 -224844020801.370605 31120.671483 28578.234767
7.800866e+26 1072287493689.371094 1313500235547.531250 -8301.473989 24991.484239
4.879849e+26 -588910002929.852539 38823964820.452148 -10383.390925 -30178.705196
6.451501e+26 -1069308092456.014771 -667661633057.991699 49751.922111 -46688.201938
8.507244e+26 1272985299567.348633 1226204771351.403320 -33485.241367 -1974.502654
7.888863e+26 -26013478262.957520 -1026659188260.185181 -11810.080829 14877.631560
4.012121e+26 571711877159.267334 -1316512598918.916992 -6948.497020 21828.620167
1.293430e+25 -1079648159168.156372 -107858589230.205078 -4558.336042 22314.247733
7.687975e+26 -986751203347.244141 1156550564058.966309 -6612.046376 47987.024048
8.224307e+26 750253124648.236816 -221568701443.929932 21640.523505 39818.385511
2.008185e+26 -914393028282.275391 37518811539.738037 36722.979949 16583.164020
4.389027e+26 -1331682782988.895752 -319263948037.965820 -2337.769858 39869.021995
9.963876e+26 -519661447716.291260 1415741238059.291016 4658.054317 47442.831258
6.910254e+26 -1404585633673.037842 -840014337710.476562 32162.702054 -38315.359008
3.375490e+26 1046235091923.722656 1490834005356.419922 17621.449942 44819.042566
9.247820e+26 -356831141523.900635 1016805216254.821777 33632.138578 48476.297302
6.450137e+26 -1290941880059.220215 1002425236670.546387 -19193.313094 -20561.011498
3.430151e+26 983401136871.000000 6099309517.687988 22357.145147 -47752.412841
3.444527e+26 1223598194593.361328 -595219896290.268677 22855.943629 -24468.825145
4.032609e+26 -1195513974800.245850 1335601854147.868652 49810.303037 -45725.253220
7.488060e+26 1336797557167.428223 1419961449943.200195 -13406.068774 1174.216184
1.272906e+26 -536689826939.030884 355766669807.430176 39706.256263 37269.345228
1.276942e+26 -521538323169.541992 1003439844512.140625 -21035.055328 -27264.058400
2.715849e+26 -1340848053866.469238 361122125656.804199 -41260.628902 -17859.462154
6.801659e+25 575642957393.982422 228770479238.178467 3256.349658 19953.560149
8.178893e+26 550486283462.850830 1280876824386.104004 -39005.423932 14577.130044
7.747469e+25 497467284839.303467 -1466081565620.346924 28426.384812 29727.650939
3.441695e+26 92644237478.105225 382288954615.817871 -46012.970763 40747.147649
2.823431e+26 -1295689775683.014404 226860077963.480469 -5940.601008 32891.897209
2.793106e+26 -586652044280.971802 -859365714535.539062 -24558.084233 -29536.019326
3.336991e+26 576797761909.683594 413865038282.385742 -19372.749228 -11738.890017
3.758537e+26 148141740518.453369 -1384660771497.070801 49373.421276 -48817.363565
3.593304e+26 584745418278.821533 -1080976132241.482666 45367.453486 -39843.230253
6.908934e+26 950183137356.802246 1483496983423.585449 9529.191098 -45143.011806
6.662897e+26 -754843371683.100098 1107871392352.654297 40303.658197 -3479.820969
4.024052e+26 -1104068179947.071777 209642474741.404053 -1456.570603 -16494.446334
6.692432e+26 -1264469357539.841064 616308523481.606201 -49509.808718 23944.464975
2.938516e+26 -200753369116.210449 189381746675.876221 15152.651124 28596.539708
6.199303e+26 614854927965.865234 -807695580623.266113 -10637.027777 3674.826373
4.561360e+26 -145214392414.256592 19156083017.216553 22870.629858 33260.662727
3.786188e+26 -1053398140997.725464 -753268467884.834351 -26628.102825 -3855.471290
4.735383e+26 -89772344415.587158 1415054242373.202637 -31570.451887 -5999.286713
5.104830e+26 -1106291565693.725342 -694274868254.640015 -11990.850437 4330.205786
5.345678e+26 297955479710.087891 335460414812.492188 20383.278135 -36865.153679
8.898859e+26 1177747539619.025879 970016748244.971680 45718.232118 8736.380383
3.567401e+25 1169032152407.326660 -603402346034.907471 -23239.370286 48749.567629
7.852629e+26 -1199116406268.687012 60697818777.337158 46353.810402 30633.760035
4.419527e+26 1183348885577.440430 -183764163387.148438 18158.324400 -4092.406843
8.050780e+26 -1248229963683.841553 979710603080.522461 -23417.022001 -3296.805558
7.693950e+26 -1129035409249.332520 -663560831376.682373 -34800.595976 42414.298944
9.995295e+26 -54498516862.612305 1318224479884.095703 -9085.270698 -37807.797180
7.041944e+26 -210006306969.592041 921576429051.515625 -26138.782199 -17503.531659
2.184327e+26 135616718330.269531 -338661533728.322510 2412.544388 -10653.725026
3.734277e+26 1281096049201.754395 661667323111.454346 -2468.087479 44925.100078
6.791285e+26 -172172813329.111572 -186301998066.760498 -42023.278953 29301.524430
8.149364e+26 -645636944201.181396 -1222891136158.080566 -15137.816384 -44690.434808
2.658842e+26 -50020741186.427490 173380521184.332520 -39776.334339 14562.049625
1.579465e+25 -557352282644.986206 960051272589.833984 -5992.957244 -32188.363814
9.474849e+26 989160637500.912598 435560001035.794189 28710.603789 2327.461422
3.069268e+26 -12269971752.149170 -680022975857.263184 -21309.753740 -17523.647029
4.430807e+26 -886709214748.256348 945316192748.400879 -18764.735440 -41817.353520
9.916712e+26 1178766797365.626953 1049749126791.613770 -2543.526711 12360.495319
9.015877e+26 708999299618.240723 -563146688073.705322 40348.525308 -22111.482147
3.607354e+26 66422323404.985596 -1367170854754.273193 -18030.469355 41374.658311
2.349079e+26 -893944091957.308716 1278370526050.766602 1383.460823 -41655.402148
9.392002e+26 -1175708268010.051270 346185299994.332031 -43856.587388 13621.390578
4.992712e+26 21012787604.622559 -620801052312.215942 -25756.765553 41784.647595
4.232043e+26 -1279871763381.637695 444039643962.170166 -39390.745146 41078.233266
4.704772e+26 -945785648287.187866 1218143432322.949707 -4850.327694 -693.204326
8.955071e+26 339768519837.898682 -123456635406.337891 21981.317847 -17841.641901
6.981818e+26 857890256969.626953 -602385593226.437866 -23923.538140 -23803.695279
5.291521e+26 -675288019363.943726 -577380171057.145996 -12804.064498 3116.752493
6.545018e+26 -1399426318282.991455 618717250624.295166 -20850.926546 26157.359060
7.091563e+26 -245338179164.812988 -1416489715045.230957 -34529.675093 27441.653020
8.812790e+26 559647805780.043701 990946833963.951172 -18733.574168 18038.452223
7.278547e+25 1086315480862.931641 1060270422114.078125 22701.797800 -1027.270978
2.120478e+26 -1141400026853.041992 496313503917.439209 23380.947269 -30970.884645
8.867726e+25 -1331211190412.564453 874776511630.747559 40177.615420 -10544.673895
9.601714e+26 -1183891201675.240723 -1136157319739.052002 31747.598644 -5375.001159
9.195609e+26 -1450098810971.287598 1386405698899.635254 -37112.392296 -1639.250473
1.466299e+26 -1449754017189.706787 -932362993803.181641 14342.572605 -49167.020548
5.106563e+26 1457757162700.410645 -710092708170.685425 25946.918341 -31726.216898
3.348677e+26 -1229350757008.035400 -1330571312770.152100 37056.167754 -9406.014087
9.805933e+26 -782968254892.572876 1117261728907.374023 37629.853469 3103.710056
9.139281e+26 1291747177855.555176 213403838758.948242 37377.388945 49540.621243
6.551962e+26 -1139193956838.805664 1383799572308.475098 -27115.524186 -35042.124365
7.046449e+26 -1051829542195.328735 607331701796.139160 108.815355 -38441.258812
5.364081e+26 -539488015573.021729 328443067618.155518 -19224.385335 31741.625575
6.078551e+26 -1295013249366.455322 -918637388024.656616 31900.269046 7717.057872
4.463386e+26 -664558953704.822021 92212169964.807129 44932.000608 31946.816084
8.342088e+25 -1205081016669.094971 -767824229398.987549 -16653.124291 -16140.388152
2.230972e+26 578023477413.317383 -675282307193.415771 -39322.123702 26784.242003
6.728385e+26 -1359124379819.241699 786692882383.870605 -9021.146760 27191.216068
6.920350e+26 -773858113108.238892 -234083353630.803711 -2374.433290 -27914.663186
6.583978e+26 1340008621112.837402 1041695376440.356934 -36958.925527 -26688.171243
9.163691e+25 -366618089105.885742 916636407925.360840 47140.599309 16229.064479
6.913051e+26 1307712354668.228516 484449370000.758789 46346.303334 33860.867074
4.495909e+26 -518553441980.796265 -302254181770.672119 17863.612838 -49206.569195
1.072893e+26 -1026279918101.831543 903865701899.118652 29817.355231 -30318.044606
3.759182e+26 1031760673089.106934 923214633485.983398 20962.399788 29.396034
4.570115e+26 139358944960.400391 -1225177925783.455322 43201.029244 -16594.642873
8.466254e+26 1176122516923.610352 1260638691232.303223 -13605.072060 -10874.337501
2.660020e+26 67978165147.356445 -166620411393.114990 25953.481585 15253.132285
1.001590e+26 -544726637071.327271 -1023021963830.368408 -7007.146692 20072.909767
7.042317e+26 162922491859.287109 48662823207.781982 -616.395022 21598.896261
7.654666e+26 -1047035983568.397949 746863387872.348145 -4157.007106 23056.757244
4.691094e+26 551283553712.404053 547119240990.587158 -26121.541656 -14404.722281
5.808184e+26 1333231326255.412109 -1130997718613.803467 -11099.450506 36357.719361
8.135464e+26 -975489155118.247559 340113197010.576904 37537.742902 -10528.062199
9.929821e+26 1006775004948.074707 588526942731.275146 19551.918526 46792.689680
5.033260e+25 201190569095.112793 438167405656.243896 -48932.824821 26359.447472
8.839659e+26 281596161604.320312 224474961145.148193 -1515.772158 -38207.996883
5.452663e+26 1155522866160.797852 -323006278136.138916 43062.420547 -15182.693017
2.955369e+25 -113641015155.307617 -63466071281.414307 32930.726405 -28562.677124
8.501208e+26 442917704192.263672 -596541146598.612183 -36226.592233 30882.623381
7.194199e+26 -1051553100763.970947 56983679351.476318 -9556.049198 -49362.724287
4.786688e+26 -518523498224.075073 1000187869231.648926 47167.295280 11768.862974
9.860875e+26 -969335551524.351929 -793583263351.889160 34328.968273 45930.187844
5.083271e+26 -1468816166348.866455 1149206049543.396484 17560.410801 -16145.441894
9.664557e+26 -1146624719383.070801 -608066667741.498657 -44609.414025 27676.955912
3.251870e+26 459667202032.853760 -1297838876873.074219 -35442.584527 20616.691719
3.098962e+25 141293976714.660645 581294157241.204590 -37038.777912 20294.308918
2.952215e+26 -1115183604635.109375 1110262156025.063477 -17543.075750 23166.569203
2.321945e+26 723470492878.606934 728501659104.974609 -25911.853195 26081.552652
1.974310e+25 -87999071776.353027 -170231142810.631836 -19952.031925 6068.253429
2.459295e+26 -743321291324.456909 980457624521.544922 -15204.989475 47874.603773
8.651790e+25 872287334118.464355 -1448141000534.229492 5104.358694 -24993.339129
6.914394e+26 -1381442538194.542236 -861244684459.853638 48672.789317 22122.564841
6.413345e+26 1125826147610.623535 -1299957344268.178955 23410.990254 40990.472382
7.485059e+26 -441482891067.127930 427218653978.891113 -26960.978136 -16628.064425
8.591823e+26 -257727663103.494141 -996347824196.466797 -14853.053580 -44440.150340
4.517369e+26 -699266049194.383789 -1488791365171.885742 40604.101539 -643.799463
6.522710e+26 -1323940813252.485352 -275564053217.919434 -11828.079782 -19876.345526
7.070784e+26 151087426006.014893 188560591004.085693 -30723.161183 -7498.217406
5.484483e+26 1440613736142.365234 -1246709358309.837646 35857.890084 26140.283594
7.169055e+26 -1288678020123.054443 -786912367681.973755 -28837.950506 12601.203039
4.897707e+26 2389817444.906738 222177685198.862549 44926.089115 -19581.559962
1.676648e+26 1429812300726.706543 -706120661461.220093 -38967.409921 -36366.355584
